rho_0     =  166644058.554
r_s       =  3.05873602082
alpha     =  2.0
beta      =  2.88977154834
gamma     =  0.00057480753334 
chi2      = 15630836.2155

